1,1,1,1,500,8,binary
6,1,1,32,50,8,binary
6,2,1,32,50,8,binary
6,3,1,32,50,8,binary
6,4,1,32,50,8,binary
6,5,1,32,50,8,binary
6,6,1,32,50,8,binary
6,7,1,32,50,8,binary
6,8,1,32,50,8,binary
6,8,2,32,50,8,binary
6,8,4,32,50,8,binary
6,8,6,32,50,8,binary
6,8,8,32,50,8,binary
6,8,10,32,50,8,binary
6,8,8,32,50,8,binary
6,8,6,32,50,8,binary
6,8,4,32,50,8,binary
6,8,2,32,50,8,binary
6,7,1,32,50,8,binary
6,6,1,32,50,8,binary
6,5,1,32,50,8,binary
6,4,1,32,50,8,binary
6,3,1,32,50,8,binary
6,2,1,32,50,8,binary
6,1,1,32,50,8,binary
1,1,1,1,500,8,binary
6,1,10,32,50,8,binary
6,8,10,32,50,8,binary
6,2,10,32,50,8,binary
6,8,10,32,50,8,binary
6,3,10,32,50,8,binary
6,8,10,32,50,8,binary
6,4,10,32,50,8,binary
6,8,10,32,50,8,binary
6,5,10,32,50,8,binary
6,8,10,32,50,8,binary
6,6,10,32,50,8,binary
6,8,10,32,50,8,binary
6,7,10,32,50,8,binary
6,8,10,32,50,8,binary
6,7,10,32,50,8,binary
6,8,10,32,50,8,binary
6,6,10,32,50,8,binary
6,8,10,32,50,8,binary
6,5,10,32,50,8,binary
6,8,10,32,50,8,binary
6,4,10,32,50,8,binary
6,8,10,32,50,8,binary
6,3,10,32,50,8,binary
6,8,10,32,50,8,binary
6,2,10,32,50,8,binary
6,8,10,32,50,8,binary
6,1,10,32,50,8,binary
6,8,10,32,50,8,binary
1,1,1,1,500,8,binary
