clientsys,total_conn,protocol,threads,conn,gets_per_frame,delay,keysize,valsize,numsamp,avgsetps,avggetps,avgmissps,avglatency
1,1,binary,1,1,1,500,8,32,20,0,1790,1780,316
4,4,binary,1,1,32,50,8,32,20,0,287217,287207,269
4,8,binary,2,1,32,50,8,32,20,0,565388,565378,268
4,12,binary,3,1,32,50,8,32,20,0,854452,854442,275
4,16,binary,4,1,32,50,8,32,20,0,1151964,1151954,268
4,20,binary,5,1,32,50,8,32,20,0,1399889,1399880,284
4,24,binary,6,1,32,50,8,32,20,0,1664760,1664750,288
4,28,binary,7,1,32,50,8,32,20,0,1924091,1924081,278
4,32,binary,8,1,32,50,8,32,20,0,2166163,2166153,283
4,64,binary,8,2,32,50,8,32,20,0,4022441,4022432,291
4,128,binary,8,4,32,50,8,32,20,0,7545846,7545837,322
4,192,binary,8,6,32,50,8,32,20,0,10202507,10202498,332
4,256,binary,8,8,32,50,8,32,20,0,12093443,12093433,352
4,320,binary,8,10,32,50,8,32,20,0,13425544,13425534,368
4,256,binary,8,8,32,50,8,32,20,0,11972388,11972379,356
4,192,binary,8,6,32,50,8,32,20,0,10154378,10154368,342
4,128,binary,8,4,32,50,8,32,20,0,7539156,7539146,311
4,64,binary,8,2,32,50,8,32,20,0,4055839,4055829,293
4,28,binary,7,1,32,50,8,32,20,0,1896494,1896484,284
4,24,binary,6,1,32,50,8,32,20,0,1661697,1661688,279
4,20,binary,5,1,32,50,8,32,20,0,1395625,1395615,277
4,16,binary,4,1,32,50,8,32,20,0,1155190,1155181,268
4,12,binary,3,1,32,50,8,32,20,0,869053,869044,274
4,8,binary,2,1,32,50,8,32,20,0,572626,572616,267
4,4,binary,1,1,32,50,8,32,20,0,302465,302455,275
1,1,binary,1,1,1,500,8,32,20,0,1785,1776,265
4,40,binary,1,10,32,50,8,32,20,0,1680617,1680607,281
4,320,binary,8,10,32,50,8,32,20,0,13597529,13597520,406
4,80,binary,2,10,32,50,8,32,20,0,3731805,3731795,289
4,320,binary,8,10,32,50,8,32,20,0,13490540,13490531,372
4,120,binary,3,10,32,50,8,32,20,0,5799507,5799497,302
4,320,binary,8,10,32,50,8,32,20,0,13487847,13487838,377
4,160,binary,4,10,32,50,8,32,20,0,7434851,7434842,316
4,320,binary,8,10,32,50,8,32,20,0,13677413,13677404,370
4,200,binary,5,10,32,50,8,32,20,0,9201044,9201035,332
4,320,binary,8,10,32,50,8,32,20,0,13409403,13409394,373
4,240,binary,6,10,32,50,8,32,20,0,10644639,10644630,339
4,320,binary,8,10,32,50,8,32,20,0,13821905,13821895,357
4,280,binary,7,10,32,50,8,32,20,0,12417903,12417893,358
4,320,binary,8,10,32,50,8,32,20,0,13606448,13606439,364
4,280,binary,7,10,32,50,8,32,20,0,12352337,12352328,361
4,320,binary,8,10,32,50,8,32,20,0,13302855,13302845,364
4,240,binary,6,10,32,50,8,32,20,0,10431506,10431497,338
4,320,binary,8,10,32,50,8,32,20,0,13530038,13530029,364
4,200,binary,5,10,32,50,8,32,20,0,9101170,9101160,327
4,320,binary,8,10,32,50,8,32,20,0,13360431,13360422,366
4,160,binary,4,10,32,50,8,32,20,0,7342541,7342531,312
4,320,binary,8,10,32,50,8,32,20,0,13458512,13458503,384
4,120,binary,3,10,32,50,8,32,20,0,5609996,5609986,312
4,320,binary,8,10,32,50,8,32,20,0,13846240,13846230,360
4,80,binary,2,10,32,50,8,32,20,0,3715258,3715249,297
4,320,binary,8,10,32,50,8,32,20,0,13547487,13547477,372
4,40,binary,1,10,32,50,8,32,20,0,1698108,1698099,282
4,320,binary,8,10,32,50,8,32,20,0,13534213,13534204,374
1,1,binary,1,1,1,500,8,32,20,0,1788,1779,267
